Title: Vessel # 01
Blue_Star_I
Length(m), Width(m), Alpha(m), Beta(m), P(unit)
0.395,  0.68, 1.0, 1.0, 0.082
Time, X(m), Y(m)  (relative to the orgin of the coordinates)
   
         0    2.0340    1.8500
    0.0100    2.0341    1.8500
    0.0200    2.0342    1.8500
    0.0300    2.0345    1.8500
    0.0400    2.0350    1.8500
    0.0500    2.0355    1.8500
    0.0600    2.0362    1.8500
    0.0700    2.0369    1.8500
    0.0800    2.0378    1.8500
    0.0900    2.0388    1.8500
    0.1000    2.0400    1.8500
    0.1100    2.0412    1.8500
    0.1200    2.0426    1.8500
    0.1300    2.0441    1.8500
    0.1400    2.0457    1.8500
    0.1500    2.0475    1.8500
    0.1600    2.0493    1.8500
    0.1700    2.0513    1.8500
    0.1800    2.0534    1.8500
    0.1900    2.0556    1.8500
    0.2000    2.0579    1.8500
    0.2100    2.0604    1.8500
    0.2200    2.0629    1.8500
    0.2300    2.0656    1.8500
    0.2400    2.0684    1.8500
    0.2500    2.0713    1.8500
    0.2600    2.0744    1.8500
    0.2700    2.0775    1.8500
    0.2800    2.0808    1.8500
    0.2900    2.0842    1.8500
    0.3000    2.0877    1.8500
    0.3100    2.0914    1.8500
    0.3200    2.0951    1.8500
    0.3300    2.0990    1.8500
    0.3400    2.1030    1.8500
    0.3500    2.1071    1.8500
    0.3600    2.1113    1.8500
    0.3700    2.1157    1.8500
    0.3800    2.1201    1.8500
    0.3900    2.1247    1.8500
    0.4000    2.1294    1.8500
    0.4100    2.1342    1.8500
    0.4200    2.1391    1.8500
    0.4300    2.1442    1.8500
    0.4400    2.1493    1.8500
    0.4500    2.1546    1.8500
    0.4600    2.1600    1.8500
    0.4700    2.1655    1.8500
    0.4800    2.1711    1.8500
    0.4900    2.1769    1.8500
    0.5000    2.1827    1.8500
    0.5100    2.1887    1.8500
    0.5200    2.1948    1.8500
    0.5300    2.2010    1.8500
    0.5400    2.2073    1.8500
    0.5500    2.2138    1.8500
    0.5600    2.2203    1.8500
    0.5700    2.2270    1.8500
    0.5800    2.2338    1.8500
    0.5900    2.2407    1.8500
    0.6000    2.2477    1.8500
    0.6100    2.2548    1.8500
    0.6200    2.2620    1.8500
    0.6300    2.2694    1.8500
    0.6400    2.2768    1.8500
    0.6500    2.2844    1.8500
    0.6600    2.2921    1.8500
    0.6700    2.2999    1.8500
    0.6800    2.3078    1.8500
    0.6900    2.3158    1.8500
    0.7000    2.3240    1.8500
    0.7100    2.3322    1.8500
    0.7200    2.3406    1.8500
    0.7300    2.3491    1.8500
    0.7400    2.3577    1.8500
    0.7500    2.3664    1.8500
    0.7600    2.3752    1.8500
    0.7700    2.3841    1.8500
    0.7800    2.3931    1.8500
    0.7900    2.4023    1.8500
    0.8000    2.4115    1.8500
    0.8100    2.4209    1.8500
    0.8200    2.4303    1.8500
    0.8300    2.4399    1.8500
    0.8400    2.4496    1.8500
    0.8500    2.4594    1.8500
    0.8600    2.4693    1.8500
    0.8700    2.4793    1.8500
    0.8800    2.4895    1.8500
    0.8900    2.4997    1.8500
    0.9000    2.5100    1.8500
    0.9100    2.5205    1.8500
    0.9200    2.5310    1.8500
    0.9300    2.5417    1.8500
    0.9400    2.5524    1.8500
    0.9500    2.5633    1.8500
    0.9600    2.5743    1.8500
    0.9700    2.5854    1.8500
    0.9800    2.5966    1.8500
    0.9900    2.6079    1.8500
    1.0000    2.6193    1.8500
    1.0100    2.6308    1.8500
    1.0200    2.6424    1.8500
    1.0300    2.6541    1.8500
    1.0400    2.6659    1.8500
    1.0500    2.6778    1.8500
    1.0600    2.6899    1.8500
    1.0700    2.7020    1.8500
    1.0800    2.7142    1.8500
    1.0900    2.7266    1.8500
    1.1000    2.7390    1.8500
    1.1100    2.7515    1.8500
    1.1200    2.7642    1.8500
    1.1300    2.7769    1.8500
    1.1400    2.7898    1.8500
    1.1500    2.8027    1.8500
    1.1600    2.8158    1.8500
    1.1700    2.8289    1.8500
    1.1800    2.8422    1.8500
    1.1900    2.8555    1.8500
    1.2000    2.8689    1.8500
    1.2100    2.8825    1.8500
    1.2200    2.8961    1.8500
    1.2300    2.9099    1.8500
    1.2400    2.9237    1.8500
    1.2500    2.9376    1.8500
    1.2600    2.9517    1.8500
    1.2700    2.9658    1.8500
    1.2800    2.9800    1.8500
    1.2900    2.9944    1.8500
    1.3000    3.0088    1.8500
    1.3100    3.0233    1.8500
    1.3200    3.0379    1.8500
    1.3300    3.0526    1.8500
    1.3400    3.0674    1.8500
    1.3500    3.0823    1.8500
    1.3600    3.0973    1.8500
    1.3700    3.1124    1.8500
    1.3800    3.1276    1.8500
    1.3900    3.1428    1.8500
    1.4000    3.1582    1.8500
    1.4100    3.1737    1.8500
    1.4200    3.1892    1.8500
    1.4300    3.2049    1.8500
    1.4400    3.2206    1.8500
    1.4500    3.2364    1.8500
    1.4600    3.2523    1.8500
    1.4700    3.2684    1.8500
    1.4800    3.2845    1.8500
    1.4900    3.3006    1.8500
    1.5000    3.3169    1.8500
    1.5100    3.3333    1.8500
    1.5200    3.3497    1.8500
    1.5300    3.3663    1.8500
    1.5400    3.3829    1.8500
    1.5500    3.3997    1.8500
    1.5600    3.4165    1.8500
    1.5700    3.4334    1.8500
    1.5800    3.4503    1.8500
    1.5900    3.4674    1.8500
    1.6000    3.4846    1.8500
    1.6100    3.5018    1.8500
    1.6200    3.5192    1.8500
    1.6300    3.5366    1.8500
    1.6400    3.5541    1.8500
    1.6500    3.5717    1.8500
    1.6600    3.5893    1.8500
    1.6700    3.6071    1.8500
    1.6800    3.6249    1.8500
    1.6900    3.6429    1.8500
    1.7000    3.6609    1.8500
    1.7100    3.6789    1.8500
    1.7200    3.6971    1.8500
    1.7300    3.7154    1.8500
    1.7400    3.7337    1.8500
    1.7500    3.7521    1.8500
    1.7600    3.7706    1.8500
    1.7700    3.7892    1.8500
    1.7800    3.8079    1.8500
    1.7900    3.8266    1.8500
    1.8000    3.8454    1.8500
    1.8100    3.8643    1.8500
    1.8200    3.8833    1.8500
    1.8300    3.9023    1.8500
    1.8400    3.9215    1.8500
    1.8500    3.9407    1.8500
    1.8600    3.9600    1.8500
    1.8700    3.9794    1.8500
    1.8800    3.9988    1.8500
    1.8900    4.0183    1.8500
    1.9000    4.0379    1.8500
    1.9100    4.0576    1.8500
    1.9200    4.0773    1.8500
    1.9300    4.0972    1.8500
    1.9400    4.1171    1.8500
    1.9500    4.1370    1.8500
    1.9600    4.1571    1.8500
    1.9700    4.1772    1.8500
    1.9800    4.1974    1.8500
    1.9900    4.2177    1.8500
    2.0000    4.2380    1.8500
    2.0100    4.2584    1.8500
    2.0200    4.2789    1.8500
    2.0300    4.2995    1.8500
    2.0400    4.3201    1.8500
    2.0500    4.3408    1.8500
    2.0600    4.3616    1.8500
    2.0700    4.3824    1.8500
    2.0800    4.4033    1.8500
    2.0900    4.4243    1.8500
    2.1000    4.4454    1.8500
    2.1100    4.4665    1.8500
    2.1200    4.4877    1.8500
    2.1300    4.5090    1.8500
    2.1400    4.5303    1.8500
    2.1500    4.5517    1.8500
    2.1600    4.5732    1.8500
    2.1700    4.5947    1.8500
    2.1800    4.6163    1.8500
    2.1900    4.6380    1.8500
    2.2000    4.6597    1.8500
    2.2100    4.6815    1.8500
    2.2200    4.7034    1.8500
    2.2300    4.7253    1.8500
    2.2400    4.7473    1.8500
    2.2500    4.7693    1.8500
    2.2600    4.7915    1.8500
    2.2700    4.8136    1.8500
    2.2800    4.8359    1.8500
    2.2900    4.8582    1.8500
    2.3000    4.8806    1.8500
    2.3100    4.9030    1.8500
    2.3200    4.9255    1.8500
    2.3300    4.9481    1.8500
    2.3400    4.9707    1.8500
    2.3500    4.9934    1.8500
    2.3600    5.0162    1.8500
    2.3700    5.0390    1.8500
    2.3800    5.0619    1.8500
    2.3900    5.0848    1.8500
    2.4000    5.1078    1.8500
    2.4100    5.1308    1.8500
    2.4200    5.1539    1.8500
    2.4300    5.1771    1.8500
    2.4400    5.2003    1.8500
    2.4500    5.2236    1.8500
    2.4600    5.2470    1.8500
    2.4700    5.2704    1.8500
    2.4800    5.2938    1.8500
    2.4900    5.3174    1.8500
    2.5000    5.3409    1.8500
    2.5100    5.3646    1.8500
    2.5200    5.3883    1.8500
    2.5300    5.4120    1.8500
    2.5400    5.4358    1.8500
    2.5500    5.4597    1.8500
    2.5600    5.4836    1.8500
    2.5700    5.5075    1.8500
    2.5800    5.5316    1.8500
    2.5900    5.5556    1.8500
    2.6000    5.5798    1.8500
    2.6100    5.6039    1.8500
    2.6200    5.6282    1.8500
    2.6300    5.6525    1.8500
    2.6400    5.6768    1.8500
    2.6500    5.7012    1.8500
    2.6600    5.7256    1.8500
    2.6700    5.7501    1.8500
    2.6800    5.7747    1.8500
    2.6900    5.7993    1.8500
    2.7000    5.8239    1.8500
    2.7100    5.8486    1.8500
    2.7200    5.8734    1.8500
    2.7300    5.8982    1.8500
    2.7400    5.9231    1.8500
    2.7500    5.9480    1.8500
    2.7600    5.9729    1.8500
    2.7700    5.9979    1.8500
    2.7800    6.0230    1.8500
    2.7900    6.0481    1.8500
    2.8000    6.0732    1.8500
    2.8100    6.0984    1.8500
    2.8200    6.1236    1.8500
    2.8300    6.1489    1.8500
    2.8400    6.1743    1.8500
    2.8500    6.1997    1.8500
    2.8600    6.2251    1.8500
    2.8700    6.2506    1.8500
    2.8800    6.2761    1.8500
    2.8900    6.3017    1.8500
    2.9000    6.3273    1.8500
    2.9100    6.3529    1.8500
    2.9200    6.3786    1.8500
    2.9300    6.4044    1.8500
    2.9400    6.4302    1.8500
    2.9500    6.4560    1.8500
    2.9600    6.4819    1.8500
    2.9700    6.5078    1.8500
    2.9800    6.5338    1.8500
    2.9900    6.5598    1.8500
    3.0000    6.5859    1.8500

Fr= 1.15
u=sqrt(9.81*0.114)*1.15 = 1.2161
t=55./u = 45.2265


